[1, 1001, 10, 0, 1000001, 0, {}],
[2, 1001, 10, 0, 1000002, 0, {}],
[3, 1001, 10, 0, 1000003, 0, {}],
[4, 1001, 10, 0, 1000004, 0, {}],
[5, 1001, 10, 0, 1000005, 0, {}],
[6, 1001, 10, 0, 1000006, 0, {}],
[7, 1001, 10, 0, 1000007, 0, {}],
[8, 1001, 10, 0, 1000008, 0, {}],
[9, 1001, 10, 0, 1000009, 0, {}],
[10, 1001, 10, 0, 1000010, 0, {}],
[11, 1001, 10, 0, 1000011, 0, {}],
[12, 1001, 10, 0, 1000012, 0, {}],
[13, 1001, 10, 0, 1000013, 0, {}],
[14, 1001, 10, 0, 1000014, 0, {}],
[15, 1001, 10, 0, 1000015, 0, {}],
[16, 1001, 10, 0, 1000016, 0, {}],
[17, 1001, 10, 0, 1000017, 0, {}],
[18, 1001, 10, 0, 1000018, 0, {}],
[19, 1001, 10, 0, 1000019, 0, {}],
[20, 1001, 10, 0, 1000020, 0, {}],
[21, 1001, 10, 0, 1000021, 0, {}],
[22, 1001, 10, 0, 1000022, 0, {}],
[23, 1001, 10, 0, 1000023, 0, {}],
[24, 1001, 10, 0, 1000024, 0, {}],
[25, 1001, 10, 0, 1000025, 0, {}],
[26, 1001, 10, 0, 1000026, 0, {}],
[27, 1001, 10, 0, 1000027, 0, {}],
[28, 1001, 10, 0, 1000028, 0, {}],
[29, 1001, 10, 0, 1000029, 0, {}],
[30, 1001, 10, 0, 1000030, 0, {}],
[31, 1001, 10, 0, 1000031, 0, {}],
[32, 1001, 10, 0, 1000032, 0, {}],
[33, 1001, 10, 0, 1000033, 0, {}],
[34, 1001, 10, 0, 1000034, 0, {}],
[35, 1001, 10, 0, 1000035, 0, {}],
[36, 1001, 10, 0, 1000036, 0, {}],
[37, 1001, 10, 0, 1000037, 0, {}],
[38, 1001, 10, 0, 1000038, 0, {}],
[39, 1001, 10, 0, 1000039, 0, {}],
[40, 1001, 10, 0, 1000040, 0, {}],
[41, 1001, 10, 0, 1000041, 0, {}],
[42, 1001, 10, 0, 1000042, 0, {}],
[43, 1001, 10, 0, 1000043, 0, {}],
[44, 1001, 10, 0, 1000044, 0, {}],
[45, 1001, 10, 0, 1000045, 0, {}],
[46, 1001, 10, 0, 1000046, 0, {}],
[47, 1001, 10, 0, 1000047, 0, {}],
[48, 1001, 10, 0, 1000048, 0, {}],
[49, 1001, 10, 0, 1000049, 0, {}],
[50, 1001, 10, 0, 1000050, 0, {}],
[51, 1001, 10, 0, 1000051, 0, {}],
[52, 1001, 10, 0, 1000052, 0, {}],
[53, 1001, 10, 0, 1000053, 0, {}],
[54, 1001, 10, 0, 1000054, 0, {}],
[55, 1001, 10, 0, 1000055, 0, {}],
[56, 1001, 10, 0, 1000056, 0, {}],
[57, 1001, 10, 0, 1000057, 0, {}],
[58, 1001, 10, 0, 1000058, 0, {}],
[59, 1001, 10, 0, 1000059, 0, {}],
[60, 1001, 10, 0, 1000060, 0, {}],
[61, 1001, 10, 0, 1000061, 0, {}],
[62, 1001, 10, 0, 1000062, 0, {}],
[63, 1001, 10, 0, 1000063, 0, {}],
[64, 1001, 10, 0, 1000064, 0, {}],
[65, 1001, 10, 0, 1000065, 0, {}],
[66, 1001, 10, 0, 1000066, 0, {}],
[67, 1001, 10, 0, 1000067, 0, {}],
[68, 1001, 10, 0, 1000068, 0, {}],
[69, 1001, 10, 0, 1000069, 0, {}],
[70, 1001, 10, 0, 1000070, 0, {}],
[71, 1001, 10, 0, 1000071, 0, {}],
[72, 1001, 10, 0, 1000072, 0, {}],
[73, 1001, 10, 0, 1000073, 0, {}],
[74, 1001, 10, 0, 1000074, 0, {}],
[75, 1001, 10, 0, 1000075, 0, {}],
[76, 1001, 10, 0, 1000076, 0, {}],
[77, 1001, 10, 0, 1000077, 0, {}],
[78, 1001, 10, 0, 1000078, 0, {}],
[79, 1001, 10, 0, 1000079, 0, {}],
[80, 1001, 10, 0, 1000080, 0, {}],
[81, 1001, 10, 0, 1000081, 0, {}],
[82, 1001, 10, 0, 1000082, 0, {}],
[83, 1001, 10, 0, 1000083, 0, {}],
[84, 1001, 10, 0, 1000084, 0, {}],
[85, 1001, 10, 0, 1000085, 0, {}],
[86, 1001, 10, 0, 1000086, 0, {}],
[87, 1001, 10, 0, 1000087, 0, {}],
[88, 1001, 10, 0, 1000088, 0, {}],
[89, 1001, 10, 0, 1000089, 0, {}],
[90, 1001, 10, 0, 1000090, 0, {}],
[91, 1001, 10, 0, 1000091, 0, {}],
[92, 1001, 10, 0, 1000092, 0, {}],
[93, 1001, 10, 0, 1000093, 0, {}],
[94, 1001, 10, 0, 1000094, 0, {}],
[95, 1001, 10, 0, 1000095, 0, {}],
[96, 1001, 10, 0, 1000096, 0, {}],
[97, 1001, 10, 0, 1000097, 0, {}],
[98, 1001, 10, 0, 1000098, 0, {}],
[99, 1001, 10, 0, 1000099, 0, {}],
[100, 1001, 10, 0, 1000100, 0, {}],
[101, 1001, 10, 0, 1000101, 0, {}],
[102, 1001, 10, 0, 1000102, 0, {}],
[103, 1001, 10, 0, 1000103, 0, {}],
[104, 1001, 10, 0, 1000104, 0, {}],
[105, 1001, 10, 0, 1000105, 0, {}],
[106, 1001, 10, 0, 1000106, 0, {}],
[107, 1001, 10, 0, 1000107, 0, {}],
[108, 1001, 10, 0, 1000108, 0, {}],
[109, 1001, 10, 0, 1000109, 0, {}],
[110, 1001, 10, 0, 1000110, 0, {}],
[111, 1001, 10, 0, 1000111, 0, {}],
[112, 1001, 10, 0, 1000112, 0, {}],
[113, 1001, 10, 0, 1000113, 0, {}],
[114, 1001, 10, 0, 1000114, 0, {}],
[115, 1001, 10, 0, 1000115, 0, {}],
[116, 1001, 10, 0, 1000116, 0, {}],
[117, 1001, 10, 0, 1000117, 0, {}],
[118, 1001, 10, 0, 1000118, 0, {}],
[119, 1001, 10, 0, 1000119, 0, {}],
[120, 1001, 10, 0, 1000120, 0, {}],
[121, 1001, 10, 0, 1000121, 0, {}],
[122, 1001, 10, 0, 1000122, 0, {}],
[123, 1001, 10, 0, 1000123, 0, {}],
[124, 1001, 10, 0, 1000124, 0, {}],
[125, 1001, 10, 0, 1000125, 0, {}],
[126, 1001, 10, 0, 1000126, 0, {}],
[127, 1001, 10, 0, 1000127, 0, {}],
[128, 1001, 10, 0, 1000128, 0, {}],
[129, 1001, 10, 0, 1000129, 0, {}],
[130, 1001, 10, 0, 1000130, 0, {}],
[131, 1001, 10, 0, 1000131, 0, {}],
[132, 1001, 10, 0, 1000132, 0, {}],
[133, 1001, 10, 0, 1000133, 0, {}],
[134, 1001, 10, 0, 1000134, 0, {}],
[135, 1001, 10, 0, 1000135, 0, {}],
[136, 1001, 10, 0, 1000136, 0, {}],
[137, 1001, 10, 0, 1000137, 0, {}],
[138, 1001, 10, 0, 1000138, 0, {}],
[139, 1001, 10, 0, 1000139, 0, {}],
[140, 1001, 10, 0, 1000140, 0, {}],
[141, 1001, 10, 0, 1000141, 0, {}],
[142, 1001, 10, 0, 1000142, 0, {}],
[143, 1001, 10, 0, 1000143, 0, {}],
[144, 1001, 10, 0, 1000144, 0, {}],
[145, 1001, 10, 0, 1000145, 0, {}],
[146, 1001, 10, 0, 1000146, 0, {}],
[147, 1001, 10, 0, 1000147, 0, {}],
[148, 1001, 10, 0, 1000148, 0, {}],
[149, 1001, 10, 0, 1000149, 0, {}],
[150, 1001, 10, 0, 1000150, 0, {}],
[151, 1001, 10, 0, 1000151, 0, {}],
[152, 1001, 10, 0, 1000152, 0, {}],
[153, 1001, 10, 0, 1000153, 0, {}],
[154, 1001, 10, 0, 1000154, 0, {}],
[155, 1001, 10, 0, 1000155, 0, {}],
[156, 1001, 10, 0, 1000156, 0, {}],
[157, 1001, 10, 0, 1000157, 0, {}],
[158, 1001, 10, 0, 1000158, 0, {}],
[159, 1001, 10, 0, 1000159, 0, {}],
[160, 1001, 10, 0, 1000160, 0, {}],
[161, 1001, 10, 0, 1000161, 0, {}],
[162, 1001, 10, 0, 1000162, 0, {}],
[163, 1001, 10, 0, 1000163, 0, {}],
[164, 1001, 10, 0, 1000164, 0, {}],
[165, 1001, 10, 0, 1000165, 0, {}],
[166, 1001, 10, 0, 1000166, 0, {}],
[167, 1001, 10, 0, 1000167, 0, {}],
[168, 1001, 10, 0, 1000168, 0, {}],
[169, 1001, 10, 0, 1000169, 0, {}],
[170, 1001, 10, 0, 1000170, 0, {}],
[171, 1001, 10, 0, 1000171, 0, {}],
[172, 1001, 10, 0, 1000172, 0, {}],
[173, 1001, 10, 0, 1000173, 0, {}],
[174, 1001, 10, 0, 1000174, 0, {}],
[175, 1001, 10, 0, 1000175, 0, {}],
[176, 1001, 10, 0, 1000176, 0, {}],
[177, 1001, 10, 0, 1000177, 0, {}],
[178, 1001, 10, 0, 1000178, 0, {}],
[179, 1001, 10, 0, 1000179, 0, {}],
[180, 1001, 10, 0, 1000180, 0, {}],
[181, 1001, 10, 0, 1000181, 0, {}],
[182, 1001, 10, 0, 1000182, 0, {}],
[183, 1001, 10, 0, 1000183, 0, {}],
[184, 1001, 10, 0, 1000184, 0, {}],
[185, 1001, 10, 0, 1000185, 0, {}],
[186, 1001, 10, 0, 1000186, 0, {}],
[187, 1001, 10, 0, 1000187, 0, {}],
[188, 1001, 10, 0, 1000188, 0, {}],
[189, 1001, 10, 0, 1000189, 0, {}],
[190, 1001, 10, 0, 1000190, 0, {}],
[191, 1001, 10, 0, 1000191, 0, {}],
[192, 1001, 10, 0, 1000192, 0, {}],
[193, 1001, 10, 0, 1000193, 0, {}],
[194, 1001, 10, 0, 1000194, 0, {}],
[195, 1001, 10, 0, 1000195, 0, {}],
[196, 1001, 10, 0, 1000196, 0, {}],
[197, 1001, 10, 0, 1000197, 0, {}],
[198, 1001, 10, 0, 1000198, 0, {}],
[199, 1001, 10, 0, 1000199, 0, {}],
[200, 1001, 10, 0, 1000200, 0, {}],
[201, 1001, 10, 0, 1000201, 0, {}],
[202, 1001, 10, 0, 1000202, 0, {}],
[203, 1001, 10, 0, 1000203, 0, {}],
[204, 1001, 10, 0, 1000204, 0, {}],
[205, 1001, 10, 0, 1000205, 0, {}],
[206, 1001, 10, 0, 1000206, 0, {}],
[207, 1001, 10, 0, 1000207, 0, {}],
[208, 1001, 10, 0, 1000208, 0, {}],
[209, 1001, 10, 0, 1000209, 0, {}],
[210, 1001, 10, 0, 1000210, 0, {}],
[211, 1001, 10, 0, 1000211, 0, {}],
[212, 1001, 10, 0, 1000212, 0, {}],
[213, 1001, 10, 0, 1000213, 0, {}],
[214, 1001, 10, 0, 1000214, 0, {}],
[215, 1001, 10, 0, 1000215, 0, {}],
[216, 1001, 10, 0, 1000216, 0, {}],
[217, 1001, 10, 0, 1000217, 0, {}],
[218, 1001, 10, 0, 1000218, 0, {}],
[219, 1001, 10, 0, 1000219, 0, {}],
[220, 1001, 10, 0, 1000220, 0, {}],
[221, 1001, 10, 0, 1000221, 0, {}],
[222, 1001, 10, 0, 1000222, 0, {}],
[223, 1001, 10, 0, 1000223, 0, {}],
[224, 1001, 10, 0, 1000224, 0, {}],
[225, 1001, 10, 0, 1000225, 0, {}],
[226, 1001, 10, 0, 1000226, 0, {}],
[227, 1001, 10, 0, 1000227, 0, {}],
[228, 1001, 10, 0, 1000228, 0, {}],
[229, 1001, 10, 0, 1000229, 0, {}],
[230, 1001, 10, 0, 1000230, 0, {}],
[231, 1001, 10, 0, 1000231, 0, {}],
[232, 1001, 10, 0, 1000232, 0, {}],
[233, 1001, 10, 0, 1000233, 0, {}],
[234, 1001, 10, 0, 1000234, 0, {}],
[235, 1001, 10, 0, 1000235, 0, {}],
[236, 1001, 10, 0, 1000236, 0, {}],
[237, 1001, 10, 0, 1000237, 0, {}],
[238, 1001, 10, 0, 1000238, 0, {}],
[239, 1001, 10, 0, 1000239, 0, {}],
[240, 1001, 10, 0, 1000240, 0, {}],
[241, 1001, 10, 0, 1000241, 0, {}],
[242, 1001, 10, 0, 1000242, 0, {}],
[243, 1001, 10, 0, 1000243, 0, {}],
[244, 1001, 10, 0, 1000244, 0, {}],
[245, 1001, 10, 0, 1000245, 0, {}],
[246, 1001, 10, 0, 1000246, 0, {}],
[247, 1001, 10, 0, 1000247, 0, {}],
[248, 1001, 10, 0, 1000248, 0, {}],
[249, 1001, 10, 0, 1000249, 0, {}],
[250, 1001, 10, 0, 1000250, 0, {}],
[251, 1001, 10, 0, 1000251, 0, {}],
[252, 1001, 10, 0, 1000252, 0, {}],
[253, 1001, 10, 0, 1000253, 0, {}],
[254, 1001, 10, 0, 1000254, 0, {}],
[255, 1001, 10, 0, 1000255, 0, {}],
[256, 1001, 10, 0, 1000256, 0, {}],
[257, 1001, 10, 0, 1000257, 0, {}],
[258, 1001, 10, 0, 1000258, 0, {}],
[259, 1001, 10, 0, 1000259, 0, {}],
[260, 1001, 10, 0, 1000260, 0, {}],
[261, 1001, 10, 0, 1000261, 0, {}],
[262, 1001, 10, 0, 1000262, 0, {}],
[263, 1001, 10, 0, 1000263, 0, {}],
[264, 1001, 10, 0, 1000264, 0, {}],
[265, 1001, 10, 0, 1000265, 0, {}],
[266, 1001, 10, 0, 1000266, 0, {}],
[267, 1001, 10, 0, 1000267, 0, {}],
[268, 1001, 10, 0, 1000268, 0, {}],
[269, 1001, 10, 0, 1000269, 0, {}],
[270, 1001, 10, 0, 1000270, 0, {}],
[271, 1001, 10, 0, 1000271, 0, {}],
[272, 1001, 10, 0, 1000272, 0, {}],
[273, 1001, 10, 0, 1000273, 0, {}],
[274, 1001, 10, 0, 1000274, 0, {}],
[275, 1001, 10, 0, 1000275, 0, {}],
[276, 1001, 10, 0, 1000276, 0, {}],
[277, 1001, 10, 0, 1000277, 0, {}],
[278, 1001, 10, 0, 1000278, 0, {}],
[279, 1001, 10, 0, 1000279, 0, {}],
[280, 1001, 10, 0, 1000280, 0, {}],
[281, 1001, 10, 0, 1000281, 0, {}],
[282, 1001, 10, 0, 1000282, 0, {}],
[283, 1001, 10, 0, 1000283, 0, {}],
[284, 1001, 10, 0, 1000284, 0, {}],
[285, 1001, 10, 0, 1000285, 0, {}],
[286, 1001, 10, 0, 1000286, 0, {}],
[287, 1001, 10, 0, 1000287, 0, {}],
[288, 1001, 10, 0, 1000288, 0, {}],
[289, 1001, 10, 0, 1000289, 0, {}],
[290, 1001, 10, 0, 1000290, 0, {}],
[291, 1001, 10, 0, 1000291, 0, {}],
[292, 1001, 10, 0, 1000292, 0, {}],
[293, 1001, 10, 0, 1000293, 0, {}],
[294, 1001, 10, 0, 1000294, 0, {}],
[295, 1001, 10, 0, 1000295, 0, {}],
[296, 1001, 10, 0, 1000296, 0, {}],
[297, 1001, 10, 0, 1000297, 0, {}],
[298, 1001, 10, 0, 1000298, 0, {}],
[299, 1001, 10, 0, 1000299, 0, {}],
[300, 1001, 10, 0, 1000300, 0, {}],
[301, 1001, 10, 0, 1000301, 0, {}],
[302, 1001, 10, 0, 1000302, 0, {}],
[303, 1001, 10, 0, 1000303, 0, {}],
[304, 1001, 10, 0, 1000304, 0, {}],
[305, 1001, 10, 0, 1000305, 0, {}],
[306, 1001, 10, 0, 1000306, 0, {}],
[307, 1001, 10, 0, 1000307, 0, {}],
[308, 1001, 10, 0, 1000308, 0, {}],
[309, 1001, 10, 0, 1000309, 0, {}],
[310, 1001, 10, 0, 1000310, 0, {}],
[311, 1001, 10, 0, 1000311, 0, {}],
[312, 1001, 10, 0, 1000312, 0, {}],
[313, 1001, 10, 0, 1000313, 0, {}],
[314, 1001, 10, 0, 1000314, 0, {}],
[315, 1001, 10, 0, 1000315, 0, {}],
[316, 1001, 10, 0, 1000316, 0, {}],
[317, 1001, 10, 0, 1000317, 0, {}],
[318, 1001, 10, 0, 1000318, 0, {}],
[319, 1001, 10, 0, 1000319, 0, {}],
[320, 1001, 10, 0, 1000320, 0, {}],
[321, 1001, 10, 0, 1000321, 0, {}],
[322, 1001, 10, 0, 1000322, 0, {}],
[323, 1001, 10, 0, 1000323, 0, {}],
[324, 1001, 10, 0, 1000324, 0, {}],
[325, 1001, 10, 0, 1000325, 0, {}],
[326, 1001, 10, 0, 1000326, 0, {}],
[327, 1001, 10, 0, 1000327, 0, {}],
[328, 1001, 10, 0, 1000328, 0, {}],
[329, 1001, 10, 0, 1000329, 0, {}],
[330, 1001, 10, 0, 1000330, 0, {}],
[331, 1001, 10, 0, 1000331, 0, {}],
[332, 1001, 10, 0, 1000332, 0, {}],
[333, 1001, 10, 0, 1000333, 0, {}],
[334, 1001, 10, 0, 1000334, 0, {}],
[335, 1001, 10, 0, 1000335, 0, {}],
[336, 1001, 10, 0, 1000336, 0, {}],
[337, 1001, 10, 0, 1000337, 0, {}],
[338, 1001, 10, 0, 1000338, 0, {}],
[339, 1001, 10, 0, 1000339, 0, {}],
[340, 1001, 10, 0, 1000340, 0, {}],
[341, 1001, 10, 0, 1000341, 0, {}],
[342, 1001, 10, 0, 1000342, 0, {}],
[343, 1001, 10, 0, 1000343, 0, {}],
[344, 1001, 10, 0, 1000344, 0, {}],
[345, 1001, 10, 0, 1000345, 0, {}],
[346, 1001, 10, 0, 1000346, 0, {}],
[347, 1001, 10, 0, 1000347, 0, {}],
[348, 1001, 10, 0, 1000348, 0, {}],
[349, 1001, 10, 0, 1000349, 0, {}],
[350, 1001, 10, 0, 1000350, 0, {}],
[351, 1001, 10, 0, 1000351, 0, {}],
[352, 1001, 10, 0, 1000352, 0, {}],
[353, 1001, 10, 0, 1000353, 0, {}],
[354, 1001, 10, 0, 1000354, 0, {}],
[355, 1001, 10, 0, 1000355, 0, {}],
[356, 1001, 10, 0, 1000356, 0, {}],
[357, 1001, 10, 0, 1000357, 0, {}],
[358, 1001, 10, 0, 1000358, 0, {}],
[359, 1001, 10, 0, 1000359, 0, {}],
[360, 1001, 10, 0, 1000360, 0, {}],
[361, 1001, 10, 0, 1000361, 0, {}],
[362, 1001, 10, 0, 1000362, 0, {}],
[363, 1001, 10, 0, 1000363, 0, {}],
[364, 1001, 10, 0, 1000364, 0, {}],
[365, 1001, 10, 0, 1000365, 0, {}],
[366, 1001, 10, 0, 1000366, 0, {}],
[367, 1001, 10, 0, 1000367, 0, {}],
[368, 1001, 10, 0, 1000368, 0, {}],
[369, 1001, 10, 0, 1000369, 0, {}],
[370, 1001, 10, 0, 1000370, 0, {}],
[371, 1001, 10, 0, 1000371, 0, {}],
[372, 1001, 10, 0, 1000372, 0, {}],
[373, 1001, 10, 0, 1000373, 0, {}],
[374, 1001, 10, 0, 1000374, 0, {}],
[375, 1001, 10, 0, 1000375, 0, {}],
[376, 1001, 10, 0, 1000376, 0, {}],
[377, 1001, 10, 0, 1000377, 0, {}],
[378, 1001, 10, 0, 1000378, 0, {}],
[379, 1001, 10, 0, 1000379, 0, {}],
[380, 1001, 10, 0, 1000380, 0, {}],
[381, 1001, 10, 0, 1000381, 0, {}],
[382, 1001, 10, 0, 1000382, 0, {}],
[383, 1001, 10, 0, 1000383, 0, {}],
[384, 1001, 10, 0, 1000384, 0, {}],
[385, 1001, 10, 0, 1000385, 0, {}],
[386, 1001, 10, 0, 1000386, 0, {}],
[387, 1001, 10, 0, 1000387, 0, {}],
[388, 1001, 10, 0, 1000388, 0, {}],
[389, 1001, 10, 0, 1000389, 0, {}],
[390, 1001, 10, 0, 1000390, 0, {}],
[391, 1001, 10, 0, 1000391, 0, {}],
[392, 1001, 10, 0, 1000392, 0, {}],
[393, 1001, 10, 0, 1000393, 0, {}],
[394, 1001, 10, 0, 1000394, 0, {}],
[395, 1001, 10, 0, 1000395, 0, {}],
[396, 1001, 10, 0, 1000396, 0, {}],
[397, 1001, 10, 0, 1000397, 0, {}],
[398, 1001, 10, 0, 1000398, 0, {}],
[399, 1001, 10, 0, 1000399, 0, {}],
[400, 1001, 10, 0, 1000400, 0, {}],
[401, 1001, 10, 0, 1000401, 0, {}],
[402, 1001, 10, 0, 1000402, 0, {}],
[403, 1001, 10, 0, 1000403, 0, {}],
[404, 1001, 10, 0, 1000404, 0, {}],
[405, 1001, 10, 0, 1000405, 0, {}],
[406, 1001, 10, 0, 1000406, 0, {}],
[407, 1001, 10, 0, 1000407, 0, {}],
[408, 1001, 10, 0, 1000408, 0, {}],
[409, 1001, 10, 0, 1000409, 0, {}],
[410, 1001, 10, 0, 1000410, 0, {}],
[411, 1001, 10, 0, 1000411, 0, {}],
[412, 1001, 10, 0, 1000412, 0, {}],
[413, 1001, 10, 0, 1000413, 0, {}],
[414, 1001, 10, 0, 1000414, 0, {}],
[415, 1001, 10, 0, 1000415, 0, {}],
[416, 1001, 10, 0, 1000416, 0, {}],
[417, 1001, 10, 0, 1000417, 0, {}],
[418, 1001, 10, 0, 1000418, 0, {}],
[419, 1001, 10, 0, 1000419, 0, {}],
[420, 1001, 10, 0, 1000420, 0, {}],
[421, 1001, 10, 0, 1000421, 0, {}],
[422, 1001, 10, 0, 1000422, 0, {}],
[423, 1001, 10, 0, 1000423, 0, {}],
[424, 1001, 10, 0, 1000424, 0, {}],
[425, 1001, 10, 0, 1000425, 0, {}],
[426, 1001, 10, 0, 1000426, 0, {}],
[427, 1001, 10, 0, 1000427, 0, {}],
[428, 1001, 10, 0, 1000428, 0, {}],
[429, 1001, 10, 0, 1000429, 0, {}],
[430, 1001, 10, 0, 1000430, 0, {}],
[431, 1001, 10, 0, 1000431, 0, {}],
[432, 1001, 10, 0, 1000432, 0, {}],
[433, 1001, 10, 0, 1000433, 0, {}],
[434, 1001, 10, 0, 1000434, 0, {}],
[435, 1001, 10, 0, 1000435, 0, {}],
[436, 1001, 10, 0, 1000436, 0, {}],
[437, 1001, 10, 0, 1000437, 0, {}],
[438, 1001, 10, 0, 1000438, 0, {}],
[439, 1001, 10, 0, 1000439, 0, {}],
[440, 1001, 10, 0, 1000440, 0, {}],
[441, 1001, 10, 0, 1000441, 0, {}],
[442, 1001, 10, 0, 1000442, 0, {}],
[443, 1001, 10, 0, 1000443, 0, {}],
[444, 1001, 10, 0, 1000444, 0, {}],
[445, 1001, 10, 0, 1000445, 0, {}],
[446, 1001, 10, 0, 1000446, 0, {}],
[447, 1001, 10, 0, 1000447, 0, {}],
[448, 1001, 10, 0, 1000448, 0, {}],
[449, 1001, 10, 0, 1000449, 0, {}],
[450, 1001, 10, 0, 1000450, 0, {}],
[451, 1001, 10, 0, 1000451, 0, {}],
[452, 1001, 10, 0, 1000452, 0, {}],
[453, 1001, 10, 0, 1000453, 0, {}],
[454, 1001, 10, 0, 1000454, 0, {}],
[455, 1001, 10, 0, 1000455, 0, {}],
[456, 1001, 10, 0, 1000456, 0, {}],
[457, 1001, 10, 0, 1000457, 0, {}],
[458, 1001, 10, 0, 1000458, 0, {}],
[459, 1001, 10, 0, 1000459, 0, {}],
[460, 1001, 10, 0, 1000460, 0, {}],
[461, 1001, 10, 0, 1000461, 0, {}],
[462, 1001, 10, 0, 1000462, 0, {}],
[463, 1001, 10, 0, 1000463, 0, {}],
[464, 1001, 10, 0, 1000464, 0, {}],
[465, 1001, 10, 0, 1000465, 0, {}],
[466, 1001, 10, 0, 1000466, 0, {}],
[467, 1001, 10, 0, 1000467, 0, {}],
[468, 1001, 10, 0, 1000468, 0, {}],
[469, 1001, 10, 0, 1000469, 0, {}],
[470, 1001, 10, 0, 1000470, 0, {}],
[471, 1001, 10, 0, 1000471, 0, {}],
[472, 1001, 10, 0, 1000472, 0, {}],
[473, 1001, 10, 0, 1000473, 0, {}],
[474, 1001, 10, 0, 1000474, 0, {}],
[475, 1001, 10, 0, 1000475, 0, {}],
[476, 1001, 10, 0, 1000476, 0, {}],
[477, 1001, 10, 0, 1000477, 0, {}],
[478, 1001, 10, 0, 1000478, 0, {}],
[479, 1001, 10, 0, 1000479, 0, {}],
[480, 1001, 10, 0, 1000480, 0, {}],
[481, 1001, 10, 0, 1000481, 0, {}],
[482, 1001, 10, 0, 1000482, 0, {}],
[483, 1001, 10, 0, 1000483, 0, {}],
[484, 1001, 10, 0, 1000484, 0, {}],
[485, 1001, 10, 0, 1000485, 0, {}],
[486, 1001, 10, 0, 1000486, 0, {}],
[487, 1001, 10, 0, 1000487, 0, {}],
[488, 1001, 10, 0, 1000488, 0, {}],
[489, 1001, 10, 0, 1000489, 0, {}],
[490, 1001, 10, 0, 1000490, 0, {}],
[491, 1001, 10, 0, 1000491, 0, {}],
[492, 1001, 10, 0, 1000492, 0, {}],
[493, 1001, 10, 0, 1000493, 0, {}],
[494, 1001, 10, 0, 1000494, 0, {}],
[495, 1001, 10, 0, 1000495, 0, {}],
[496, 1001, 10, 0, 1000496, 0, {}],
[497, 1001, 10, 0, 1000497, 0, {}],
[498, 1001, 10, 0, 1000498, 0, {}],
[499, 1001, 10, 0, 1000499, 0, {}],
[500, 1001, 10, 0, 1000500, 0, {}],
[501, 1001, 10, 0, 1000501, 0, {}],
[502, 1001, 10, 0, 1000502, 0, {}],
[503, 1001, 10, 0, 1000503, 0, {}],
[504, 1001, 10, 0, 1000504, 0, {}],
[505, 1001, 10, 0, 1000505, 0, {}],
[506, 1001, 10, 0, 1000506, 0, {}],
[507, 1001, 10, 0, 1000507, 0, {}],
[508, 1001, 10, 0, 1000508, 0, {}],
[509, 1001, 10, 0, 1000509, 0, {}],
[510, 1001, 10, 0, 1000510, 0, {}],
[511, 1001, 10, 0, 1000511, 0, {}],
[512, 1001, 10, 0, 1000512, 0, {}],
[513, 1001, 10, 0, 1000513, 0, {}],
[514, 1001, 10, 0, 1000514, 0, {}],
[515, 1001, 10, 0, 1000515, 0, {}],
[516, 1001, 10, 0, 1000516, 0, {}],
[517, 1001, 10, 0, 1000517, 0, {}],
[518, 1001, 10, 0, 1000518, 0, {}],
[519, 1001, 10, 0, 1000519, 0, {}],
[520, 1001, 10, 0, 1000520, 0, {}],
[521, 1001, 10, 0, 1000521, 0, {}],
[522, 1001, 10, 0, 1000522, 0, {}],
[523, 1001, 10, 0, 1000523, 0, {}],
[524, 1001, 10, 0, 1000524, 0, {}],
[525, 1001, 10, 0, 1000525, 0, {}],
[526, 1001, 10, 0, 1000526, 0, {}],
[527, 1001, 10, 0, 1000527, 0, {}],
[528, 1001, 10, 0, 1000528, 0, {}],
[529, 1001, 10, 0, 1000529, 0, {}],
[530, 1001, 10, 0, 1000530, 0, {}],
[531, 1001, 10, 0, 1000531, 0, {}],
[532, 1001, 10, 0, 1000532, 0, {}],
[533, 1001, 10, 0, 1000533, 0, {}],
[534, 1001, 10, 0, 1000534, 0, {}],
[535, 1001, 10, 0, 1000535, 0, {}],
[536, 1001, 10, 0, 1000536, 0, {}],
[537, 1001, 10, 0, 1000537, 0, {}],
[538, 1001, 10, 0, 1000538, 0, {}],
[539, 1001, 10, 0, 1000539, 0, {}],
[540, 1001, 10, 0, 1000540, 0, {}],
[541, 1001, 10, 0, 1000541, 0, {}],
[542, 1001, 10, 0, 1000542, 0, {}],
[543, 1001, 10, 0, 1000543, 0, {}],
[544, 1001, 10, 0, 1000544, 0, {}],
[545, 1001, 10, 0, 1000545, 0, {}],
[546, 1001, 10, 0, 1000546, 0, {}],
[547, 1001, 10, 0, 1000547, 0, {}],
[548, 1001, 10, 0, 1000548, 0, {}],
[549, 1001, 10, 0, 1000549, 0, {}],
[550, 1001, 10, 0, 1000550, 0, {}],
[551, 1001, 10, 0, 1000551, 0, {}],
[552, 1001, 10, 0, 1000552, 0, {}],
[553, 1001, 10, 0, 1000553, 0, {}],
[554, 1001, 10, 0, 1000554, 0, {}],
[555, 1001, 10, 0, 1000555, 0, {}],
[556, 1001, 10, 0, 1000556, 0, {}],
[557, 1001, 10, 0, 1000557, 0, {}],
[558, 1001, 10, 0, 1000558, 0, {}],
[559, 1001, 10, 0, 1000559, 0, {}],
[560, 1001, 10, 0, 1000560, 0, {}],
[561, 1001, 10, 0, 1000561, 0, {}],
[562, 1001, 10, 0, 1000562, 0, {}],
[563, 1001, 10, 0, 1000563, 0, {}],
[564, 1001, 10, 0, 1000564, 0, {}],
[565, 1001, 10, 0, 1000565, 0, {}],
[566, 1001, 10, 0, 1000566, 0, {}],
[567, 1001, 10, 0, 1000567, 0, {}],
[568, 1001, 10, 0, 1000568, 0, {}],
[569, 1001, 10, 0, 1000569, 0, {}],
[570, 1001, 10, 0, 1000570, 0, {}],
[571, 1001, 10, 0, 1000571, 0, {}],
[572, 1001, 10, 0, 1000572, 0, {}],
[573, 1001, 10, 0, 1000573, 0, {}],
[574, 1001, 10, 0, 1000574, 0, {}],
[575, 1001, 10, 0, 1000575, 0, {}],
[576, 1001, 10, 0, 1000576, 0, {}],
[577, 1001, 10, 0, 1000577, 0, {}],
[578, 1001, 10, 0, 1000578, 0, {}],
[579, 1001, 10, 0, 1000579, 0, {}],
[580, 1001, 10, 0, 1000580, 0, {}],
[581, 1001, 10, 0, 1000581, 0, {}],
[582, 1001, 10, 0, 1000582, 0, {}],
[583, 1001, 10, 0, 1000583, 0, {}],
[584, 1001, 10, 0, 1000584, 0, {}],
[585, 1001, 10, 0, 1000585, 0, {}],
[586, 1001, 10, 0, 1000586, 0, {}],
[587, 1001, 10, 0, 1000587, 0, {}],
[588, 1001, 10, 0, 1000588, 0, {}],
[589, 1001, 10, 0, 1000589, 0, {}],
[590, 1001, 10, 0, 1000590, 0, {}],
[591, 1001, 10, 0, 1000591, 0, {}],
[592, 1001, 10, 0, 1000592, 0, {}],
[593, 1001, 10, 0, 1000593, 0, {}],
[594, 1001, 10, 0, 1000594, 0, {}],
[595, 1001, 10, 0, 1000595, 0, {}],
[596, 1001, 10, 0, 1000596, 0, {}],
[597, 1001, 10, 0, 1000597, 0, {}],
[598, 1001, 10, 0, 1000598, 0, {}],
[599, 1001, 10, 0, 1000599, 0, {}],
[600, 1001, 10, 0, 1000600, 0, {}],
[601, 1001, 10, 0, 1000601, 0, {}],
[602, 1001, 10, 0, 1000602, 0, {}],
[603, 1001, 10, 0, 1000603, 0, {}],
[604, 1001, 10, 0, 1000604, 0, {}],
[605, 1001, 10, 0, 1000605, 0, {}],
[606, 1001, 10, 0, 1000606, 0, {}],
[607, 1001, 10, 0, 1000607, 0, {}],
[608, 1001, 10, 0, 1000608, 0, {}],
[609, 1001, 10, 0, 1000609, 0, {}],
[610, 1001, 10, 0, 1000610, 0, {}],
[611, 1001, 10, 0, 1000611, 0, {}],
[612, 1001, 10, 0, 1000612, 0, {}],
[613, 1001, 10, 0, 1000613, 0, {}],
[614, 1001, 10, 0, 1000614, 0, {}],
[615, 1001, 10, 0, 1000615, 0, {}],
[616, 1001, 10, 0, 1000616, 0, {}],
[617, 1001, 10, 0, 1000617, 0, {}],
[618, 1001, 10, 0, 1000618, 0, {}],
[619, 1001, 10, 0, 1000619, 0, {}],
[620, 1001, 10, 0, 1000620, 0, {}],
[621, 1001, 10, 0, 1000621, 0, {}],
[622, 1001, 10, 0, 1000622, 0, {}],
[623, 1001, 10, 0, 1000623, 0, {}],
[624, 1001, 10, 0, 1000624, 0, {}],
[625, 1001, 10, 0, 1000625, 0, {}],
[626, 1001, 10, 0, 1000626, 0, {}],
[627, 1001, 10, 0, 1000627, 0, {}],
[628, 1001, 10, 0, 1000628, 0, {}],
[629, 1001, 10, 0, 1000629, 0, {}],
[630, 1001, 10, 0, 1000630, 0, {}],
[631, 1001, 10, 0, 1000631, 0, {}],
[632, 1001, 10, 0, 1000632, 0, {}],
[633, 1001, 10, 0, 1000633, 0, {}],
[634, 1001, 10, 0, 1000634, 0, {}],
[635, 1001, 10, 0, 1000635, 0, {}],
[636, 1001, 10, 0, 1000636, 0, {}],
[637, 1001, 10, 0, 1000637, 0, {}],
[638, 1001, 10, 0, 1000638, 0, {}],
[639, 1001, 10, 0, 1000639, 0, {}],
[640, 1001, 10, 0, 1000640, 0, {}],
[641, 1001, 10, 0, 1000641, 0, {}],
[642, 1001, 10, 0, 1000642, 0, {}],
[643, 1001, 10, 0, 1000643, 0, {}],
[644, 1001, 10, 0, 1000644, 0, {}],
[645, 1001, 10, 0, 1000645, 0, {}],
[646, 1001, 10, 0, 1000646, 0, {}],
[647, 1001, 10, 0, 1000647, 0, {}],
[648, 1001, 10, 0, 1000648, 0, {}],
[649, 1001, 10, 0, 1000649, 0, {}],
[650, 1001, 10, 0, 1000650, 0, {}],
[651, 1001, 10, 0, 1000651, 0, {}],
[652, 1001, 10, 0, 1000652, 0, {}],
[653, 1001, 10, 0, 1000653, 0, {}],
[654, 1001, 10, 0, 1000654, 0, {}],
[655, 1001, 10, 0, 1000655, 0, {}],
[656, 1001, 10, 0, 1000656, 0, {}],
[657, 1001, 10, 0, 1000657, 0, {}],
[658, 1001, 10, 0, 1000658, 0, {}],
[659, 1001, 10, 0, 1000659, 0, {}],
[660, 1001, 10, 0, 1000660, 0, {}],
[661, 1001, 10, 0, 1000661, 0, {}],
[662, 1001, 10, 0, 1000662, 0, {}],
[663, 1001, 10, 0, 1000663, 0, {}],
[664, 1001, 10, 0, 1000664, 0, {}],
[665, 1001, 10, 0, 1000665, 0, {}],
[666, 1001, 10, 0, 1000666, 0, {}],
[667, 1001, 10, 0, 1000667, 0, {}],
[668, 1001, 10, 0, 1000668, 0, {}],
[669, 1001, 10, 0, 1000669, 0, {}],
[670, 1001, 10, 0, 1000670, 0, {}],
[671, 1001, 10, 0, 1000671, 0, {}],
[672, 1001, 10, 0, 1000672, 0, {}],
[673, 1001, 10, 0, 1000673, 0, {}],
[674, 1001, 10, 0, 1000674, 0, {}],
[675, 1001, 10, 0, 1000675, 0, {}],
[676, 1001, 10, 0, 1000676, 0, {}],
[677, 1001, 10, 0, 1000677, 0, {}],
[678, 1001, 10, 0, 1000678, 0, {}],
[679, 1001, 10, 0, 1000679, 0, {}],
[680, 1001, 10, 0, 1000680, 0, {}],
[681, 1001, 10, 0, 1000681, 0, {}],
[682, 1001, 10, 0, 1000682, 0, {}],
[683, 1001, 10, 0, 1000683, 0, {}],
[684, 1001, 10, 0, 1000684, 0, {}],
[685, 1001, 10, 0, 1000685, 0, {}],
[686, 1001, 10, 0, 1000686, 0, {}],
[687, 1001, 10, 0, 1000687, 0, {}],
[688, 1001, 10, 0, 1000688, 0, {}],
[689, 1001, 10, 0, 1000689, 0, {}],
[690, 1001, 10, 0, 1000690, 0, {}],
[691, 1001, 10, 0, 1000691, 0, {}],
[692, 1001, 10, 0, 1000692, 0, {}],
[693, 1001, 10, 0, 1000693, 0, {}],
[694, 1001, 10, 0, 1000694, 0, {}],
[695, 1001, 10, 0, 1000695, 0, {}],
[696, 1001, 10, 0, 1000696, 0, {}],
[697, 1001, 10, 0, 1000697, 0, {}],
[698, 1001, 10, 0, 1000698, 0, {}],
[699, 1001, 10, 0, 1000699, 0, {}],
[700, 1001, 10, 0, 1000700, 0, {}],
[701, 1001, 10, 0, 1000701, 0, {}],
[702, 1001, 10, 0, 1000702, 0, {}],
[703, 1001, 10, 0, 1000703, 0, {}],
[704, 1001, 10, 0, 1000704, 0, {}],
[705, 1001, 10, 0, 1000705, 0, {}],
[706, 1001, 10, 0, 1000706, 0, {}],
[707, 1001, 10, 0, 1000707, 0, {}],
[708, 1001, 10, 0, 1000708, 0, {}],
[709, 1001, 10, 0, 1000709, 0, {}],
[710, 1001, 10, 0, 1000710, 0, {}],
[711, 1001, 10, 0, 1000711, 0, {}],
[712, 1001, 10, 0, 1000712, 0, {}],
[713, 1001, 10, 0, 1000713, 0, {}],
[714, 1001, 10, 0, 1000714, 0, {}],
[715, 1001, 10, 0, 1000715, 0, {}],
[716, 1001, 10, 0, 1000716, 0, {}],
[717, 1001, 10, 0, 1000717, 0, {}],
[718, 1001, 10, 0, 1000718, 0, {}],
[719, 1001, 10, 0, 1000719, 0, {}],
[720, 1001, 10, 0, 1000720, 0, {}],
[721, 1001, 10, 0, 1000721, 0, {}],
[722, 1001, 10, 0, 1000722, 0, {}],
[723, 1001, 10, 0, 1000723, 0, {}],
[724, 1001, 10, 0, 1000724, 0, {}],
[725, 1001, 10, 0, 1000725, 0, {}],
[726, 1001, 10, 0, 1000726, 0, {}],
[727, 1001, 10, 0, 1000727, 0, {}],
[728, 1001, 10, 0, 1000728, 0, {}],
[729, 1001, 10, 0, 1000729, 0, {}],
[730, 1001, 10, 0, 1000730, 0, {}],
[731, 1001, 10, 0, 1000731, 0, {}],
[732, 1001, 10, 0, 1000732, 0, {}],
[733, 1001, 10, 0, 1000733, 0, {}],
[734, 1001, 10, 0, 1000734, 0, {}],
[735, 1001, 10, 0, 1000735, 0, {}],
[736, 1001, 10, 0, 1000736, 0, {}],
[737, 1001, 10, 0, 1000737, 0, {}],
[738, 1001, 10, 0, 1000738, 0, {}],
[739, 1001, 10, 0, 1000739, 0, {}],
[740, 1001, 10, 0, 1000740, 0, {}],
[741, 1001, 10, 0, 1000741, 0, {}],
[742, 1001, 10, 0, 1000742, 0, {}],
[743, 1001, 10, 0, 1000743, 0, {}],
[744, 1001, 10, 0, 1000744, 0, {}],
[745, 1001, 10, 0, 1000745, 0, {}],
[746, 1001, 10, 0, 1000746, 0, {}],
[747, 1001, 10, 0, 1000747, 0, {}],
[748, 1001, 10, 0, 1000748, 0, {}],
[749, 1001, 10, 0, 1000749, 0, {}],
[750, 1001, 10, 0, 1000750, 0, {}],
[751, 1001, 10, 0, 1000751, 0, {}],
[752, 1001, 10, 0, 1000752, 0, {}],
[753, 1001, 10, 0, 1000753, 0, {}],
[754, 1001, 10, 0, 1000754, 0, {}],
[755, 1001, 10, 0, 1000755, 0, {}],
[756, 1001, 10, 0, 1000756, 0, {}],
[757, 1001, 10, 0, 1000757, 0, {}],
[758, 1001, 10, 0, 1000758, 0, {}],
[759, 1001, 10, 0, 1000759, 0, {}],
[760, 1001, 10, 0, 1000760, 0, {}],
[761, 1001, 10, 0, 1000761, 0, {}],
[762, 1001, 10, 0, 1000762, 0, {}],
[763, 1001, 10, 0, 1000763, 0, {}],
[764, 1001, 10, 0, 1000764, 0, {}],
[765, 1001, 10, 0, 1000765, 0, {}],
[766, 1001, 10, 0, 1000766, 0, {}],
[767, 1001, 10, 0, 1000767, 0, {}],
[768, 1001, 10, 0, 1000768, 0, {}],
[769, 1001, 10, 0, 1000769, 0, {}],
[770, 1001, 10, 0, 1000770, 0, {}],
[771, 1001, 10, 0, 1000771, 0, {}],
[772, 1001, 10, 0, 1000772, 0, {}],
[773, 1001, 10, 0, 1000773, 0, {}],
[774, 1001, 10, 0, 1000774, 0, {}],
[775, 1001, 10, 0, 1000775, 0, {}],
[776, 1001, 10, 0, 1000776, 0, {}],
[777, 1001, 10, 0, 1000777, 0, {}],
[778, 1001, 10, 0, 1000778, 0, {}],
[779, 1001, 10, 0, 1000779, 0, {}],
[780, 1001, 10, 0, 1000780, 0, {}],
[781, 1001, 10, 0, 1000781, 0, {}],
[782, 1001, 10, 0, 1000782, 0, {}],
[783, 1001, 10, 0, 1000783, 0, {}],
[784, 1001, 10, 0, 1000784, 0, {}],
[785, 1001, 10, 0, 1000785, 0, {}],
[786, 1001, 10, 0, 1000786, 0, {}],
[787, 1001, 10, 0, 1000787, 0, {}],
[788, 1001, 10, 0, 1000788, 0, {}],
[789, 1001, 10, 0, 1000789, 0, {}],
[790, 1001, 10, 0, 1000790, 0, {}],
[791, 1001, 10, 0, 1000791, 0, {}],
[792, 1001, 10, 0, 1000792, 0, {}],
[793, 1001, 10, 0, 1000793, 0, {}],
[794, 1001, 10, 0, 1000794, 0, {}],
[795, 1001, 10, 0, 1000795, 0, {}],
[796, 1001, 10, 0, 1000796, 0, {}],
[797, 1001, 10, 0, 1000797, 0, {}],
[798, 1001, 10, 0, 1000798, 0, {}],
[799, 1001, 10, 0, 1000799, 0, {}],
[800, 1001, 10, 0, 1000800, 0, {}],
[801, 1001, 10, 0, 1000801, 0, {}],
[802, 1001, 10, 0, 1000802, 0, {}],
[803, 1001, 10, 0, 1000803, 0, {}],
[804, 1001, 10, 0, 1000804, 0, {}],
[805, 1001, 10, 0, 1000805, 0, {}],
[806, 1001, 10, 0, 1000806, 0, {}],
[807, 1001, 10, 0, 1000807, 0, {}],
[808, 1001, 10, 0, 1000808, 0, {}],
[809, 1001, 10, 0, 1000809, 0, {}],
[810, 1001, 10, 0, 1000810, 0, {}],
[811, 1001, 10, 0, 1000811, 0, {}],
[812, 1001, 10, 0, 1000812, 0, {}],
[813, 1001, 10, 0, 1000813, 0, {}],
[814, 1001, 10, 0, 1000814, 0, {}],
[815, 1001, 10, 0, 1000815, 0, {}],
[816, 1001, 10, 0, 1000816, 0, {}],
[817, 1001, 10, 0, 1000817, 0, {}],
[818, 1001, 10, 0, 1000818, 0, {}],
[819, 1001, 10, 0, 1000819, 0, {}],
[820, 1001, 10, 0, 1000820, 0, {}],
[821, 1001, 10, 0, 1000821, 0, {}],
[822, 1001, 10, 0, 1000822, 0, {}],
[823, 1001, 10, 0, 1000823, 0, {}],
[824, 1001, 10, 0, 1000824, 0, {}],
[825, 1001, 10, 0, 1000825, 0, {}],
[826, 1001, 10, 0, 1000826, 0, {}],
[827, 1001, 10, 0, 1000827, 0, {}],
[828, 1001, 10, 0, 1000828, 0, {}],
[829, 1001, 10, 0, 1000829, 0, {}],
[830, 1001, 10, 0, 1000830, 0, {}],
[831, 1001, 10, 0, 1000831, 0, {}],
[832, 1001, 10, 0, 1000832, 0, {}],
[833, 1001, 10, 0, 1000833, 0, {}],
[834, 1001, 10, 0, 1000834, 0, {}],
[835, 1001, 10, 0, 1000835, 0, {}],
[836, 1001, 10, 0, 1000836, 0, {}],
[837, 1001, 10, 0, 1000837, 0, {}],
[838, 1001, 10, 0, 1000838, 0, {}],
[839, 1001, 10, 0, 1000839, 0, {}],
[840, 1001, 10, 0, 1000840, 0, {}],
[841, 1001, 10, 0, 1000841, 0, {}],
[842, 1001, 10, 0, 1000842, 0, {}],
[843, 1001, 10, 0, 1000843, 0, {}],
[844, 1001, 10, 0, 1000844, 0, {}],
[845, 1001, 10, 0, 1000845, 0, {}],
[846, 1001, 10, 0, 1000846, 0, {}],
[847, 1001, 10, 0, 1000847, 0, {}],
[848, 1001, 10, 0, 1000848, 0, {}],
[849, 1001, 10, 0, 1000849, 0, {}],
[850, 1001, 10, 0, 1000850, 0, {}],
[851, 1001, 10, 0, 1000851, 0, {}],
[852, 1001, 10, 0, 1000852, 0, {}],
[853, 1001, 10, 0, 1000853, 0, {}],
[854, 1001, 10, 0, 1000854, 0, {}],
[855, 1001, 10, 0, 1000855, 0, {}],
[856, 1001, 10, 0, 1000856, 0, {}],
[857, 1001, 10, 0, 1000857, 0, {}],
[858, 1001, 10, 0, 1000858, 0, {}],
[859, 1001, 10, 0, 1000859, 0, {}],
[860, 1001, 10, 0, 1000860, 0, {}],
[861, 1001, 10, 0, 1000861, 0, {}],
[862, 1001, 10, 0, 1000862, 0, {}],
[863, 1001, 10, 0, 1000863, 0, {}],
[864, 1001, 10, 0, 1000864, 0, {}],
[865, 1001, 10, 0, 1000865, 0, {}],
[866, 1001, 10, 0, 1000866, 0, {}],
[867, 1001, 10, 0, 1000867, 0, {}],
[868, 1001, 10, 0, 1000868, 0, {}],
[869, 1001, 10, 0, 1000869, 0, {}],
[870, 1001, 10, 0, 1000870, 0, {}],
[871, 1001, 10, 0, 1000871, 0, {}],
[872, 1001, 10, 0, 1000872, 0, {}],
[873, 1001, 10, 0, 1000873, 0, {}],
[874, 1001, 10, 0, 1000874, 0, {}],
[875, 1001, 10, 0, 1000875, 0, {}],
[876, 1001, 10, 0, 1000876, 0, {}],
[877, 1001, 10, 0, 1000877, 0, {}],
[878, 1001, 10, 0, 1000878, 0, {}],
[879, 1001, 10, 0, 1000879, 0, {}],
[880, 1001, 10, 0, 1000880, 0, {}],
[881, 1001, 10, 0, 1000881, 0, {}],
[882, 1001, 10, 0, 1000882, 0, {}],
[883, 1001, 10, 0, 1000883, 0, {}],
[884, 1001, 10, 0, 1000884, 0, {}],
[885, 1001, 10, 0, 1000885, 0, {}],
[886, 1001, 10, 0, 1000886, 0, {}],
[887, 1001, 10, 0, 1000887, 0, {}],
[888, 1001, 10, 0, 1000888, 0, {}],
[889, 1001, 10, 0, 1000889, 0, {}],
[890, 1001, 10, 0, 1000890, 0, {}],
[891, 1001, 10, 0, 1000891, 0, {}],
[892, 1001, 10, 0, 1000892, 0, {}],
[893, 1001, 10, 0, 1000893, 0, {}],
[894, 1001, 10, 0, 1000894, 0, {}],
[895, 1001, 10, 0, 1000895, 0, {}],
[896, 1001, 10, 0, 1000896, 0, {}],
[897, 1001, 10, 0, 1000897, 0, {}],
[898, 1001, 10, 0, 1000898, 0, {}],
[899, 1001, 10, 0, 1000899, 0, {}],
[900, 1001, 10, 0, 1000900, 0, {}],
[901, 1001, 10, 0, 1000901, 0, {}],
[902, 1001, 10, 0, 1000902, 0, {}],
[903, 1001, 10, 0, 1000903, 0, {}],
[904, 1001, 10, 0, 1000904, 0, {}],
[905, 1001, 10, 0, 1000905, 0, {}],
[906, 1001, 10, 0, 1000906, 0, {}],
[907, 1001, 10, 0, 1000907, 0, {}],
[908, 1001, 10, 0, 1000908, 0, {}],
[909, 1001, 10, 0, 1000909, 0, {}],
[910, 1001, 10, 0, 1000910, 0, {}],
[911, 1001, 10, 0, 1000911, 0, {}],
[912, 1001, 10, 0, 1000912, 0, {}],
[913, 1001, 10, 0, 1000913, 0, {}],
[914, 1001, 10, 0, 1000914, 0, {}],
[915, 1001, 10, 0, 1000915, 0, {}],
[916, 1001, 10, 0, 1000916, 0, {}],
[917, 1001, 10, 0, 1000917, 0, {}],
[918, 1001, 10, 0, 1000918, 0, {}],
[919, 1001, 10, 0, 1000919, 0, {}],
[920, 1001, 10, 0, 1000920, 0, {}],
[921, 1001, 10, 0, 1000921, 0, {}],
[922, 1001, 10, 0, 1000922, 0, {}],
[923, 1001, 10, 0, 1000923, 0, {}],
[924, 1001, 10, 0, 1000924, 0, {}],
[925, 1001, 10, 0, 1000925, 0, {}],
[926, 1001, 10, 0, 1000926, 0, {}],
[927, 1001, 10, 0, 1000927, 0, {}],
[928, 1001, 10, 0, 1000928, 0, {}],
[929, 1001, 10, 0, 1000929, 0, {}],
[930, 1001, 10, 0, 1000930, 0, {}],
[931, 1001, 10, 0, 1000931, 0, {}],
[932, 1001, 10, 0, 1000932, 0, {}],
[933, 1001, 10, 0, 1000933, 0, {}],
[934, 1001, 10, 0, 1000934, 0, {}],
[935, 1001, 10, 0, 1000935, 0, {}],
[936, 1001, 10, 0, 1000936, 0, {}],
[937, 1001, 10, 0, 1000937, 0, {}],
[938, 1001, 10, 0, 1000938, 0, {}],
[939, 1001, 10, 0, 1000939, 0, {}],
[940, 1001, 10, 0, 1000940, 0, {}],
[941, 1001, 10, 0, 1000941, 0, {}],
[942, 1001, 10, 0, 1000942, 0, {}],
[943, 1001, 10, 0, 1000943, 0, {}],
[944, 1001, 10, 0, 1000944, 0, {}],
[945, 1001, 10, 0, 1000945, 0, {}],
[946, 1001, 10, 0, 1000946, 0, {}],
[947, 1001, 10, 0, 1000947, 0, {}],
[948, 1001, 10, 0, 1000948, 0, {}],
[949, 1001, 10, 0, 1000949, 0, {}],
[950, 1001, 10, 0, 1000950, 0, {}],
[951, 1001, 10, 0, 1000951, 0, {}],
[952, 1001, 10, 0, 1000952, 0, {}],
[953, 1001, 10, 0, 1000953, 0, {}],
[954, 1001, 10, 0, 1000954, 0, {}],
[955, 1001, 10, 0, 1000955, 0, {}],
[956, 1001, 10, 0, 1000956, 0, {}],
[957, 1001, 10, 0, 1000957, 0, {}],
[958, 1001, 10, 0, 1000958, 0, {}],
[959, 1001, 10, 0, 1000959, 0, {}],
[960, 1001, 10, 0, 1000960, 0, {}],
[961, 1001, 10, 0, 1000961, 0, {}],
[962, 1001, 10, 0, 1000962, 0, {}],
[963, 1001, 10, 0, 1000963, 0, {}],
[964, 1001, 10, 0, 1000964, 0, {}],
[965, 1001, 10, 0, 1000965, 0, {}],
[966, 1001, 10, 0, 1000966, 0, {}],
[967, 1001, 10, 0, 1000967, 0, {}],
[968, 1001, 10, 0, 1000968, 0, {}],
[969, 1001, 10, 0, 1000969, 0, {}],
[970, 1001, 10, 0, 1000970, 0, {}],
[971, 1001, 10, 0, 1000971, 0, {}],
[972, 1001, 10, 0, 1000972, 0, {}],
[973, 1001, 10, 0, 1000973, 0, {}],
[974, 1001, 10, 0, 1000974, 0, {}],
[975, 1001, 10, 0, 1000975, 0, {}],
[976, 1001, 10, 0, 1000976, 0, {}],
[977, 1001, 10, 0, 1000977, 0, {}],
[978, 1001, 10, 0, 1000978, 0, {}],
[979, 1001, 10, 0, 1000979, 0, {}],
[980, 1001, 10, 0, 1000980, 0, {}],
[981, 1001, 10, 0, 1000981, 0, {}],
[982, 1001, 10, 0, 1000982, 0, {}],
[983, 1001, 10, 0, 1000983, 0, {}],
[984, 1001, 10, 0, 1000984, 0, {}],
[985, 1001, 10, 0, 1000985, 0, {}],
[986, 1001, 10, 0, 1000986, 0, {}],
[987, 1001, 10, 0, 1000987, 0, {}],
[988, 1001, 10, 0, 1000988, 0, {}],
[989, 1001, 10, 0, 1000989, 0, {}],
[990, 1001, 10, 0, 1000990, 0, {}],
[991, 1001, 10, 0, 1000991, 0, {}],
[992, 1001, 10, 0, 1000992, 0, {}],
[993, 1001, 10, 0, 1000993, 0, {}],
[994, 1001, 10, 0, 1000994, 0, {}],
[995, 1001, 10, 0, 1000995, 0, {}],
[996, 1001, 10, 0, 1000996, 0, {}],
[997, 1001, 10, 0, 1000997, 0, {}],
[998, 1001, 10, 0, 1000998, 0, {}],
[999, 1001, 10, 0, 1000999, 0, {}],
[1000, 1001, 10, 0, 1001000, 0, {}],
